1834,5
1834,1
15,5
15,1
14,13
14,12
14,11
14,10
14,7
14,6
14,5
14,2
14,1
13,145
13,141
13,134
13,133
13,132
13,122
13,121
13,101
13,95
13,76
13,74
13,59
13,48
13,42
13,41
13,31
13,26
13,21
13,7
13,6
13,5
13,2
13,1
10,44
10,42
10,41
10,28
10,25
10,20
10,15
10,6
10,5
10,2
10,1
8,6
8,5
8,1
7,6
7,1
6,6
6,5
6,1
5,6
5,1
4,9
4,8
4,1
3,5
3,1
2,5
2,2
2,1
0,823
0,511
0,495
0,488
0,481
0,468
0,408
0,379
0,364
0,319
0,308
0,305
0,304
0,240
0,10
0,430
0,423
0,311
0,310
0,0
0,307
0,306
0,329
0,13
0,339
0,11
0,9
2185,34
2185,33
2185,32
2185,31
2185,30
2185,29
2185,28
2185,27
2185,26
2185,25
2185,24
2185,23
2185,22
2185,21
2185,20
2185,19
2185,18
2185,17
2185,16
2185,15
2185,14
2185,13
2185,12
2185,11
2185,10
2185,9
2185,8
2185,7
2185,6
2185,5
2185,4
2185,3
2185,2
2185,0
0,395
0,435
0,303
0,402
0,728
0,302
0,396
0,818
0,301
0,708
0,721
0,300
0,317
0,429
0,299
0,791
0,314
0,298
0,392
0,783
0,297
0,788
0,817
0,296
0,759
0,478
0,295
0,416
0,410
0,294
0,723
0,461
0,293
0,414
0,401
0,292
0,731
0,494
0,291
0,425
0,706
0,290
0,384
0,798
0,289
0,784
0,424
0,288
0,826
0,422
0,287
0,477
0,391
0,286
0,795
0,770
0,285
0,814
0,449
0,284
0,822
0,418
0,283
0,741
0,411
